0.000000000000000000e+00
0.000000000000000000e+00
1.000000000000000000e+00
1.000000000000000000e+00
2.000000000000000000e+00
2.000000000000000000e+00
3.000000000000000000e+00
3.000000000000000000e+00
4.000000000000000000e+00
4.000000000000000000e+00
5.000000000000000000e+00
5.000000000000000000e+00
6.000000000000000000e+00
6.000000000000000000e+00
7.000000000000000000e+00
7.000000000000000000e+00
8.000000000000000000e+00
8.000000000000000000e+00
9.000000000000000000e+00
9.000000000000000000e+00
1.000000000000000000e+01
1.000000000000000000e+01
1.100000000000000000e+01
1.100000000000000000e+01
1.200000000000000000e+01
1.200000000000000000e+01
1.300000000000000000e+01
1.300000000000000000e+01
1.400000000000000000e+01
1.400000000000000000e+01
1.500000000000000000e+01
1.500000000000000000e+01
1.600000000000000000e+01
1.600000000000000000e+01
1.700000000000000000e+01
1.700000000000000000e+01
1.800000000000000000e+01
1.800000000000000000e+01
1.900000000000000000e+01
1.900000000000000000e+01
2.000000000000000000e+01
2.000000000000000000e+01
2.100000000000000000e+01
2.100000000000000000e+01
2.200000000000000000e+01
2.200000000000000000e+01
2.300000000000000000e+01
2.300000000000000000e+01
2.400000000000000000e+01
2.400000000000000000e+01
2.500000000000000000e+01
2.500000000000000000e+01
2.600000000000000000e+01
2.600000000000000000e+01
2.700000000000000000e+01
2.700000000000000000e+01
2.800000000000000000e+01
2.800000000000000000e+01
2.900000000000000000e+01
2.900000000000000000e+01
3.000000000000000000e+01
3.000000000000000000e+01
3.100000000000000000e+01
3.100000000000000000e+01
3.200000000000000000e+01
3.200000000000000000e+01
3.300000000000000000e+01
3.300000000000000000e+01
3.400000000000000000e+01
3.400000000000000000e+01
3.500000000000000000e+01
3.500000000000000000e+01
3.600000000000000000e+01
3.600000000000000000e+01
3.700000000000000000e+01
3.700000000000000000e+01
3.800000000000000000e+01
3.800000000000000000e+01
3.900000000000000000e+01
3.900000000000000000e+01
4.000000000000000000e+01
4.000000000000000000e+01
4.100000000000000000e+01
4.100000000000000000e+01
4.200000000000000000e+01
4.200000000000000000e+01
4.300000000000000000e+01
4.300000000000000000e+01
4.400000000000000000e+01
4.400000000000000000e+01
4.500000000000000000e+01
4.500000000000000000e+01
4.600000000000000000e+01
4.600000000000000000e+01
4.700000000000000000e+01
4.700000000000000000e+01
4.800000000000000000e+01
4.800000000000000000e+01
4.900000000000000000e+01
4.900000000000000000e+01
5.000000000000000000e+01
5.000000000000000000e+01
5.100000000000000000e+01
5.100000000000000000e+01
5.200000000000000000e+01
5.200000000000000000e+01
6.700000000000000000e+01
6.700000000000000000e+01
6.800000000000000000e+01
6.800000000000000000e+01
8.900000000000000000e+01
8.900000000000000000e+01
9.500000000000000000e+01
9.500000000000000000e+01
1.000000000000000000e+02
1.000000000000000000e+02
1.060000000000000000e+02
1.060000000000000000e+02
1.160000000000000000e+02
1.160000000000000000e+02
1.190000000000000000e+02
1.190000000000000000e+02
1.220000000000000000e+02
1.220000000000000000e+02
1.300000000000000000e+02
1.300000000000000000e+02
1.370000000000000000e+02
1.370000000000000000e+02
1.440000000000000000e+02
1.440000000000000000e+02
1.480000000000000000e+02
1.480000000000000000e+02
1.570000000000000000e+02
1.570000000000000000e+02
1.830000000000000000e+02
1.830000000000000000e+02
1.840000000000000000e+02
1.840000000000000000e+02
2.430000000000000000e+02
2.430000000000000000e+02
2.440000000000000000e+02
2.440000000000000000e+02
2.450000000000000000e+02
2.450000000000000000e+02
2.490000000000000000e+02
2.490000000000000000e+02
2.580000000000000000e+02
2.580000000000000000e+02
2.690000000000000000e+02
2.690000000000000000e+02
2.760000000000000000e+02
2.760000000000000000e+02
2.810000000000000000e+02
2.810000000000000000e+02
2.840000000000000000e+02
2.840000000000000000e+02
2.850000000000000000e+02
2.850000000000000000e+02
2.930000000000000000e+02
2.930000000000000000e+02
2.960000000000000000e+02
2.960000000000000000e+02
3.020000000000000000e+02
3.020000000000000000e+02
3.060000000000000000e+02
3.060000000000000000e+02
3.500000000000000000e+02
3.500000000000000000e+02
3.510000000000000000e+02
3.510000000000000000e+02
3.680000000000000000e+02
3.680000000000000000e+02
3.690000000000000000e+02
3.690000000000000000e+02
3.700000000000000000e+02
3.700000000000000000e+02
3.740000000000000000e+02
3.740000000000000000e+02
3.760000000000000000e+02
3.760000000000000000e+02
3.830000000000000000e+02
3.830000000000000000e+02
3.880000000000000000e+02
3.880000000000000000e+02
3.910000000000000000e+02
3.910000000000000000e+02
4.150000000000000000e+02
4.150000000000000000e+02
4.160000000000000000e+02
4.160000000000000000e+02
4.440000000000000000e+02
4.440000000000000000e+02
4.550000000000000000e+02
4.550000000000000000e+02
4.620000000000000000e+02
4.620000000000000000e+02
4.650000000000000000e+02
4.650000000000000000e+02
4.670000000000000000e+02
4.670000000000000000e+02
4.760000000000000000e+02
4.760000000000000000e+02
4.810000000000000000e+02
4.810000000000000000e+02
4.890000000000000000e+02
4.890000000000000000e+02
4.970000000000000000e+02
4.970000000000000000e+02
4.990000000000000000e+02
4.990000000000000000e+02
5.070000000000000000e+02
5.070000000000000000e+02
5.150000000000000000e+02
5.150000000000000000e+02
5.520000000000000000e+02
5.520000000000000000e+02
5.530000000000000000e+02
5.530000000000000000e+02
5.630000000000000000e+02
5.630000000000000000e+02
5.640000000000000000e+02
5.640000000000000000e+02
5.720000000000000000e+02
5.720000000000000000e+02
6.070000000000000000e+02
6.070000000000000000e+02
6.080000000000000000e+02
6.080000000000000000e+02
6.230000000000000000e+02
6.230000000000000000e+02
6.270000000000000000e+02
6.270000000000000000e+02
6.350000000000000000e+02
6.350000000000000000e+02
6.370000000000000000e+02
6.370000000000000000e+02
6.390000000000000000e+02
6.390000000000000000e+02
6.460000000000000000e+02
6.460000000000000000e+02
6.930000000000000000e+02
6.930000000000000000e+02
6.940000000000000000e+02
6.940000000000000000e+02
6.950000000000000000e+02
6.950000000000000000e+02
7.060000000000000000e+02
7.060000000000000000e+02
7.150000000000000000e+02
7.150000000000000000e+02
7.210000000000000000e+02
7.210000000000000000e+02
7.270000000000000000e+02
7.270000000000000000e+02
7.340000000000000000e+02
7.340000000000000000e+02
7.400000000000000000e+02
7.400000000000000000e+02
7.420000000000000000e+02
7.420000000000000000e+02
7.460000000000000000e+02
7.460000000000000000e+02
7.890000000000000000e+02
7.890000000000000000e+02
7.900000000000000000e+02
7.900000000000000000e+02
7.910000000000000000e+02
7.910000000000000000e+02
7.970000000000000000e+02
7.970000000000000000e+02
8.050000000000000000e+02
8.050000000000000000e+02
8.110000000000000000e+02
8.110000000000000000e+02
8.160000000000000000e+02
8.160000000000000000e+02
8.230000000000000000e+02
8.230000000000000000e+02
8.240000000000000000e+02
8.240000000000000000e+02
8.310000000000000000e+02
8.310000000000000000e+02
8.680000000000000000e+02
8.680000000000000000e+02
8.690000000000000000e+02
8.690000000000000000e+02
8.860000000000000000e+02
8.860000000000000000e+02
8.920000000000000000e+02
8.920000000000000000e+02
8.980000000000000000e+02
8.980000000000000000e+02
9.050000000000000000e+02
9.050000000000000000e+02
9.110000000000000000e+02
9.110000000000000000e+02
9.160000000000000000e+02
9.160000000000000000e+02
9.200000000000000000e+02
9.200000000000000000e+02
9.270000000000000000e+02
9.270000000000000000e+02
9.300000000000000000e+02
9.300000000000000000e+02
9.350000000000000000e+02
9.350000000000000000e+02
9.430000000000000000e+02
9.430000000000000000e+02
9.470000000000000000e+02
9.470000000000000000e+02
9.670000000000000000e+02
9.670000000000000000e+02
9.680000000000000000e+02
9.680000000000000000e+02
9.800000000000000000e+02
9.800000000000000000e+02
9.810000000000000000e+02
9.810000000000000000e+02
9.870000000000000000e+02
9.870000000000000000e+02
9.940000000000000000e+02
9.940000000000000000e+02
1.000000000000000000e+03
1.000000000000000000e+03
1.009000000000000000e+03
1.009000000000000000e+03
1.046000000000000000e+03
1.046000000000000000e+03
1.047000000000000000e+03
1.047000000000000000e+03
1.071000000000000000e+03
1.071000000000000000e+03
1.072000000000000000e+03
1.072000000000000000e+03
1.094000000000000000e+03
1.094000000000000000e+03
1.100000000000000000e+03
1.100000000000000000e+03
1.107000000000000000e+03
1.107000000000000000e+03
1.114000000000000000e+03
1.114000000000000000e+03
1.121000000000000000e+03
1.121000000000000000e+03
1.125000000000000000e+03
1.125000000000000000e+03
1.140000000000000000e+03
1.140000000000000000e+03
1.141000000000000000e+03
1.141000000000000000e+03
1.174000000000000000e+03
1.174000000000000000e+03
1.182000000000000000e+03
1.182000000000000000e+03
1.190000000000000000e+03
1.190000000000000000e+03
1.193000000000000000e+03
1.193000000000000000e+03
1.201000000000000000e+03
1.201000000000000000e+03
1.209000000000000000e+03
1.209000000000000000e+03
1.211000000000000000e+03
1.211000000000000000e+03
1.222000000000000000e+03
1.222000000000000000e+03
1.229000000000000000e+03
1.229000000000000000e+03
1.231000000000000000e+03
1.231000000000000000e+03
1.236000000000000000e+03
1.236000000000000000e+03
1.245000000000000000e+03
1.245000000000000000e+03
1.290000000000000000e+03
1.290000000000000000e+03
1.291000000000000000e+03
1.291000000000000000e+03
1.293000000000000000e+03
1.293000000000000000e+03
1.299000000000000000e+03
1.299000000000000000e+03
1.307000000000000000e+03
1.307000000000000000e+03
1.313000000000000000e+03
1.313000000000000000e+03
1.319000000000000000e+03
1.319000000000000000e+03
1.329000000000000000e+03
1.329000000000000000e+03
1.339000000000000000e+03
1.339000000000000000e+03
1.344000000000000000e+03
1.344000000000000000e+03
1.351000000000000000e+03
1.351000000000000000e+03
1.353000000000000000e+03
1.353000000000000000e+03
1.355000000000000000e+03
1.355000000000000000e+03
1.356000000000000000e+03
1.356000000000000000e+03
1.360000000000000000e+03
1.360000000000000000e+03
1.367000000000000000e+03
1.367000000000000000e+03
1.376000000000000000e+03
1.376000000000000000e+03
1.381000000000000000e+03
1.381000000000000000e+03
1.419000000000000000e+03
1.419000000000000000e+03
1.420000000000000000e+03
1.420000000000000000e+03
1.438000000000000000e+03
1.438000000000000000e+03
1.439000000000000000e+03
1.439000000000000000e+03
1.464000000000000000e+03
1.464000000000000000e+03
1.473000000000000000e+03
1.473000000000000000e+03
1.477000000000000000e+03
1.477000000000000000e+03
1.478000000000000000e+03
1.478000000000000000e+03
1.481000000000000000e+03
1.481000000000000000e+03
1.489000000000000000e+03
1.489000000000000000e+03
1.497000000000000000e+03
1.497000000000000000e+03
1.504000000000000000e+03
1.504000000000000000e+03
1.512000000000000000e+03
1.512000000000000000e+03
1.516000000000000000e+03
1.516000000000000000e+03
1.522000000000000000e+03
1.522000000000000000e+03
1.529000000000000000e+03
1.529000000000000000e+03
1.551000000000000000e+03
1.551000000000000000e+03
1.552000000000000000e+03
1.552000000000000000e+03
1.575000000000000000e+03
1.575000000000000000e+03
1.581000000000000000e+03
1.581000000000000000e+03
1.591000000000000000e+03
1.591000000000000000e+03
1.597000000000000000e+03
1.597000000000000000e+03
1.605000000000000000e+03
1.605000000000000000e+03
1.613000000000000000e+03
1.613000000000000000e+03
1.615000000000000000e+03
1.615000000000000000e+03
1.623000000000000000e+03
1.623000000000000000e+03
1.631000000000000000e+03
1.631000000000000000e+03
1.639000000000000000e+03
1.639000000000000000e+03
1.674000000000000000e+03
1.674000000000000000e+03
1.675000000000000000e+03
1.675000000000000000e+03
1.691000000000000000e+03
1.691000000000000000e+03
1.693000000000000000e+03
1.693000000000000000e+03
1.697000000000000000e+03
1.697000000000000000e+03
1.705000000000000000e+03
1.705000000000000000e+03
1.707000000000000000e+03
1.707000000000000000e+03
1.715000000000000000e+03
1.715000000000000000e+03
1.756000000000000000e+03
1.756000000000000000e+03
1.757000000000000000e+03
1.757000000000000000e+03
1.758000000000000000e+03
1.758000000000000000e+03
1.765000000000000000e+03
1.765000000000000000e+03
1.776000000000000000e+03
1.776000000000000000e+03
1.779000000000000000e+03
1.779000000000000000e+03
1.784000000000000000e+03
1.784000000000000000e+03
1.789000000000000000e+03
1.789000000000000000e+03
1.800000000000000000e+03
1.800000000000000000e+03
1.801000000000000000e+03
1.801000000000000000e+03
1.812000000000000000e+03
1.812000000000000000e+03
1.818000000000000000e+03
1.818000000000000000e+03
1.824000000000000000e+03
1.824000000000000000e+03
1.829000000000000000e+03
1.829000000000000000e+03
1.862000000000000000e+03
1.862000000000000000e+03
1.863000000000000000e+03
1.863000000000000000e+03
1.897000000000000000e+03
1.897000000000000000e+03
1.898000000000000000e+03
1.898000000000000000e+03
1.907000000000000000e+03
1.907000000000000000e+03
1.911000000000000000e+03
1.911000000000000000e+03
1.913000000000000000e+03
1.913000000000000000e+03
1.920000000000000000e+03
1.920000000000000000e+03
1.921000000000000000e+03
1.921000000000000000e+03
1.924000000000000000e+03
1.924000000000000000e+03
1.931000000000000000e+03
1.931000000000000000e+03
1.940000000000000000e+03
1.940000000000000000e+03
1.945000000000000000e+03
1.945000000000000000e+03
1.946000000000000000e+03
1.946000000000000000e+03
1.957000000000000000e+03
1.957000000000000000e+03
1.962000000000000000e+03
1.962000000000000000e+03
1.985000000000000000e+03
1.985000000000000000e+03
1.986000000000000000e+03
1.986000000000000000e+03
2.034000000000000000e+03
2.034000000000000000e+03
2.035000000000000000e+03
2.035000000000000000e+03
2.039000000000000000e+03
2.039000000000000000e+03
2.043000000000000000e+03
2.043000000000000000e+03
2.052000000000000000e+03
2.052000000000000000e+03
2.057000000000000000e+03
2.057000000000000000e+03
2.060000000000000000e+03
2.060000000000000000e+03
2.065000000000000000e+03
2.065000000000000000e+03
2.068000000000000000e+03
2.068000000000000000e+03
2.071000000000000000e+03
2.071000000000000000e+03
2.083000000000000000e+03
2.083000000000000000e+03
2.084000000000000000e+03
2.084000000000000000e+03
2.087000000000000000e+03
2.087000000000000000e+03
2.096000000000000000e+03
2.096000000000000000e+03
2.104000000000000000e+03
2.104000000000000000e+03
2.117000000000000000e+03
2.117000000000000000e+03
2.125000000000000000e+03
2.125000000000000000e+03
2.131000000000000000e+03
2.131000000000000000e+03
2.138000000000000000e+03
2.138000000000000000e+03
2.145000000000000000e+03
2.145000000000000000e+03
2.148000000000000000e+03
2.148000000000000000e+03
2.156000000000000000e+03
2.156000000000000000e+03
2.164000000000000000e+03
2.164000000000000000e+03
2.165000000000000000e+03
2.165000000000000000e+03
2.172000000000000000e+03
2.172000000000000000e+03
2.179000000000000000e+03
2.179000000000000000e+03
2.187000000000000000e+03
2.187000000000000000e+03
2.195000000000000000e+03
2.195000000000000000e+03
2.231000000000000000e+03
2.231000000000000000e+03
2.232000000000000000e+03
2.232000000000000000e+03
2.241000000000000000e+03
2.241000000000000000e+03
2.242000000000000000e+03
2.242000000000000000e+03
2.247000000000000000e+03
2.247000000000000000e+03
2.280000000000000000e+03
2.280000000000000000e+03
2.281000000000000000e+03
2.281000000000000000e+03
2.282000000000000000e+03
2.282000000000000000e+03
2.287000000000000000e+03
2.287000000000000000e+03
2.292000000000000000e+03
2.292000000000000000e+03
2.306000000000000000e+03
2.306000000000000000e+03
2.307000000000000000e+03
2.307000000000000000e+03
2.318000000000000000e+03
2.318000000000000000e+03
2.321000000000000000e+03
2.321000000000000000e+03
2.324000000000000000e+03
2.324000000000000000e+03
2.343000000000000000e+03
2.343000000000000000e+03
2.344000000000000000e+03
2.344000000000000000e+03
2.353000000000000000e+03
2.353000000000000000e+03
2.356000000000000000e+03
2.356000000000000000e+03
2.358000000000000000e+03
2.358000000000000000e+03
2.363000000000000000e+03
2.363000000000000000e+03
2.370000000000000000e+03
2.370000000000000000e+03
